0
28
3
1
2
9
9
4
29
1
2
9
7
7
7
5
3
8
4
5
8
1
29
0
21
5
8
3
3
6
3
0
0
6
9
3
20
0
21
0
5
1
2
8
9
1
0
3
22
7
3
3
9
6
7
7
6
25
7
9
2
22
3
5
9
3
8
0
4
2
5
6
2
2
9
9
5
7
3
8
0
6
0
6
5
9
0
6
1
25
4
7
1
2
1
8
4
0
4
2
9
4
1
5
2
6
8
0
0
6
5
4
22
8
4
9
7
5
7
3
5
0
7
7
7
2
1
4
1
5
6
3
2
23
2
3
0
3
0
26
6
2
4
4
1
5
6
24
20
1
6
0
5
5
6
3
1
2
3
6
0
8
4
8
3
7
0
28
5
1
7
4
3
8
6
7
0
6
1
2
8
25
2
6
1
9
5
8
21
8
3
8
4
1
3
9
6
3
4
7
8
3
1
7
0
6
4
1
2
5
9
0
2
5
5
1
1
3
2
9
9
0
1
5
9
21
6
5
9
27
4
3
7
0
9
3
28
5
0
24
2
9
3
9
6
9
26
8
3
24
3
5
6
22
3
5
6
4
0
3
9
8
9
1
8
7
7
4
4
9
5
5
2
4
4
0
2
2
9
6
23
3
27
4
6
3
4
6
9
21
0
2
4
6
2
6
8
8
9
2
1
1
6
4
0
3
20
3
2
3
4
4
0
1
8
0
22
7
29
8
28
0
0
8
7
0
0
6
1
4
4
1
6
1
0
7
4
20
5
0
1
8
8
5
4
21
6
9
3
0
2
7
9
6
9
3
20
3
26
22
22
0
7
23
3
9
7
6
7
5
2
8
2
7
3
0
4
7
3
28
8
5
5
3
8
0
0
7
1
3
5
1
6
5
0
9
3
3
21
5
8
2
24
24
4
2
23
1
3
1
4
24
7
21
7
8
2
7
2
5
1
1
3
3
5
7
7
0
3
3
8
9
5
0
20
9
7
25
6
22
7
2
2
8
6
0
6
28
8
24
27
3
7
28
1
5
3
2
2
5
26
6
8
8
6
1
9
0
5
20
4
6
6
27
2
8
20
5
22
1
0
4
8
6
9
3
7
1
9
24
2
4
1
7
5
4
2
26
6
6
4
29
1
5
2
7
3
3
3
0
21
7
6
7
2
0
5
8
5
0
6
5
0
8
2
27
6
1
2
4
4
2
7
8
9
1
7
7
20
5
7
9
1
5
1
9
0
9
6
2
8
3
4
5
9
0
6
1
5
3
2
6
0
1
2
7
21
28
3
2
8
3
6
4
5
0
5
9
3
25
6
8
2
4
3
4
3
8
3
5
3
5
5
7
9
5
6
4
23
8
7
9
1
5
4
3
9
28
9
4
1
5
9
8
9
2
0
0
2
7
0
26
23
6
6
0
7
5
6
1
1
4
8
4
4
9
4
7
6
1
0
9
0
6
7
3
23
3
4
4
21
7
5
6
2
3
4
2
9
22
9
9
5
6
2
3
8
2
7
25
9
6
6
21
0
6
3
4
21
21
2
9
7
9
2
6
7
9
2
23
8
4
7
21
0
2
0
7
4
5
3
2
8
8
5
7
0
4
23
8
3
9
5
4
5
0
24
3
9
7
4
0
9
6
4
7
9
4
7
29
1
5
8
2
3
4
5
4
2
8
9
8
5
6
2
8
8
3
4
6
8
27
7
1
5
0
8
6
3
8
9
3
2
8
7
5
4
0
7
3
4
0
4
7
0
4
6
2
29
28
4
1
0
5
26
23
24
2
23
7
2
6
3
29
1
9
5
8
6
8
4
3
20
0
1
8
2
2
6
0
2
5
23
0
9
4
3
7
6
6
8
1
4
0
20
0
3
5
4
2
3
0
5
1
8
3
5
9
2
1
3
8
2
6
0
2
6
3
4
9
5
1
21
21
1
9
0
4
4
1
3
1
21
5
0
0
7
7
4
24
6
6
6
3
4
8
2
9
7
5
9
4
9
9
3
6
3
0
3
4
2
9
4
4
3
1
4
3
1
2
8
28
2
2
4
9
1
5
7
0
8
7
9
0
5
8
4
8
0
9
9
3
9
9
9
20
3
1
1
6
8
2
4
4
3
0
3
7
5
2
1
1
5
9
7
4
2
0
1
2
1
1
0
1
2
0
1
9
9
4
6
5
9
7
26
6
4
27
3
1
6
0
9
5
20
0
0
6
6
9
5
4
7
6
20
7
3
6
9
5
3
9
3
4
1
6
0
29
22
2
0
27
89
98
47
31
18
31
30
31
28
20
48
23
20
5
43
34
44
42
2
8
50
48
50
75
22
43
2
48
24
26
37
5
45
26
71
20
24
4
1
4
28
48
67
7
4
11
48
25
16
46
36
10
37
38
47
16
45
8
12
5
0
10
37
47
39
44
11
39
23
39
23
46
21
32
19
4
8
23
2
53
15
68
7
29
86
1
28
27
54
38
0
48
7
11
43
2
16
86
29
6
39
24
7
21
14
38
2
27
9
22
5
12
44
97
18
40
12
29
69
34
12
1
12
27
19
27
25
0
41
46
52
21
2
36
5
10
48
35
44
35
13
42
3
11
43
7
43
62
33
72
73
9
45
34
6
8
36
11
47
38
79
38
28
73
0
3
29
47
8
18
6
37
31
84
72
20
22
27
60
15
49
38
32
4
70
8
3
21
45
16
32
22
47
6
53
23
41
32
49
17
13
2
22
3
33
88
9
75
13
18
4
22
5
22
42
27
16
75
6
7
0
11
7
18
70
40
30
24
18
41
40
69
2
45
76
2
0
38
3
30
47
52
33
14
28
14
25
25
