4
4
8
4
32
20
4
4
4
4
4
4
4
4
4
8
1964
4
20
20
4
4
8
4
4
4
12
16
4
4
4
4
952
8
4
4
28
24
8
4
4
12
4
32
4
4
16
4
12
4
32
4
16
16
4
56
4
16
4
4
36
4
36
4
32
4
4
12
4
28
4
36
4
40
4
56
272
272
4
4
56
4
12
8
76
4
16
4
4
24
4
4
4
4
4
4
4
4
4
4
4
4
8
4
32
20
4
4
4
4
4
4
4
4
4
8
1964
4
20
20
4
4
8
4
4
4
12
16
4
4
4
4
952
8
4
4
28
24
8
4
12
4
32
4
4
16
4
12
4
32
4
16
16
4
56
4
16
4
4
36
4
36
4
32
4
4
12
4
28
4
36
4
40
4
56
272
272
4
4
56
4
12
8
76
4
16
4
4
4
24
4
4
4
4
4
4
4
4
4
4
4
4
4
8
4
32
20
4
4
4
4
4
4
4
4
4
8
1964
4
20
20
4
4
8
4
4
4
12
16
4
4
4
4
952
8
4
4
28
24
8
4
12
4
32
4
4
16
4
12
4
32
4
16
16
4
56
4
16
4
4
36
4
36
4
32
4
4
12
4
28
4
36
4
40
4
56
272
272
4
4
56
4
12
8
76
4
16
4
4
4
24
4
4
4
4
4
4
4
4
4
4
4
4
4
8
4
32
20
4
4
4
4
4
4
4
4
4
8
1964
4
20
20
4
4
8
4
4
4
12
16
4
4
4
4
952
8
4
4
28
24
8
4
12
4
32
4
4
16
4
12
4
32
4
16
16
4
56
4
16
4
4
36
4
36
4
32
4
4
12
4
28
4
36
4
40
4
56
272
272
4
4
56
4
12
8
76
4
16
4
4
4
24
4
4
4
4
4
4
4
4
4
4
4
4
4
8
4
32
20
4
4
4
4
4
4
4
4
4
8
1964
4
20
20
4
4
8
4
4
4
12
16
4
4
4
4
952
8
4
4
28
24
8
4
12
4
32
4
4
16
4
12
4
32
4
16
16
4
56
4
16
4
4
36
4
36
4
32
4
4
12
4
28
4
36
4
40
4
56
272
272
4
4
56
4
12
8
76
4
16
4
4
4
24
4
4
4
4
4
4
4
4
4
4
4
